Table 38. 1990 AND 1988-90 OAT GRAIN YIELD SUMMARY (LBS/ACRE)
1990 1989-90 1988-90
ENTRY 2 LOC  5 LOC/YR 7 LOC/YR
2 SIERRA 3560 ( 5)  2960 ( 4) 3180 ( 4)
3 MONTEZUMA 3020 (10) 2530 (12) 2830 ( 8)
4 CAL RED 1560 (18) 1490 (18) 1570 (15)
6 KANOTA 2570 (16) 2380 (15) 2360 (14)
10 SWAN 3790 ( 3) 3070 ( 3) 3320 ( 3)
22 CAYUSE 2630 (14) 2380 (14) 2620 (12)
89 MO 06072 3010 (11) 2580 (10)
95 75Q-036-83-1D 4370 ( 1) 4100 ( 1) 4130 ( 1)
96 OGLE 4280 ( 2) 3220 ( 2) 3400 ( 2)
98 A82-0034 3610 ( 4) 2940 ( 5)  3130 ( 5)
102 A92-0039 3080 ( 9) 2810 ( 7) 3010 ( 6)
103 A82-0058 3090 ( 8) 2860 ( 6) 2910 ( 7)
104 A81-0006  2620 (15) 2190 (16)
106 82SH163 3290 ( 6) 2620 ( 8) 2750 (10) 
107 COKER 81C72 2850 (12) 2590 ( 9) 2780 ( 9)
108 83SH137 2820 (13)  2470 (13) 2550 (13)
109 84SH182 3160 ( 7) 2530 (11) 2670 (11)
111 OT 03669 2270 (17) 1920 (17)

MEAN 3090 2650 2880 
CV 20.2 20.2 18.3
LSD (.05)  620 330 280
Numbers in parantheses indicate relative rank in column.

-44-
