10263.00 8430.00 9787.00 9636.00
9473.00 5100.00 9159.00 8974.00
9539.00 7118.00 10391.00 10271.00
9978.00 9248.00 9862.00 10641.00
6464.00 7524.00 7848.99 7857.00
8905.00 9091.00 1081600 10886.00
6838.00 9514.00 10283.00 10445.00
7794.00 8731.00 10670.00 10686.00
8056.00 8932.00 9032.00 9551.00
9157.00 9338.00 10736.00 12187.00
10378.00 9669.00 10487.00 10496.00
8566.00 7527.00 8121.00 10580.00
10783.00 7040.00 11226.00  11311.00
1044700 9083.00 9431.00 10571.00
9395.00 9621.00 10513.00 8264.00
9661.00 8688.00 10617.00 10431.00
9190.00 9013.00 9802.00 9734.00 
9598.00 9131.00 10636.00 10517.00
8818.00  8734.00 10915.00 10674.00
7668.00 9688.00 10910.00 10039.00
7761.00 8515.00 11656.00 10545.00
7709.00 11042.00 11274.00 11013.00

